t = 0
b = 7 7 7
E = 0 0 0
2.269491 4.321602 6.070761 0.495555 -0.071133 -0.865659 0.634568 0.081137 -0.768597 0 0 0 0 0 0 
2.130118 4.378477 5.870117 0.567104 -0.038136 -0.822763 0.592296 0.082271 -0.801509 0 0 0 0 0 0 
2.160262 4.442634 5.441534 0.512088 -0.010199 -0.858873 0.595702 0.082433 -0.798965 0 0 0 0 0 0 
2.243806 4.472109 5.007853 0.565386 0.496726 -0.658485 0.614549 0.118870 -0.779871 0 0 0 0 0 0 
2.389516 4.525949 4.487965 -0.063581 0.461026 0.885106 0.652646 0.127399 -0.746875 0 0 0 0 0 0 
2.533032 4.575083 4.011369 -0.337360 0.191074 0.921780 0.686882 0.087930 -0.721430 0 0 0 0 0 0 
2.711654 4.644648 3.659405 -0.358313 0.096148 0.928637 0.763328 0.082831 -0.640679 0 0 0 0 0 0 
2.904348 4.736914 3.334646 -0.127409 0.016895 0.991706 0.848860 0.109462 -0.517160 0 0 0 0 0 0 
3.118761 4.846840 3.143111 -0.152016 -0.403839 0.902111 0.919219 0.087467 -0.383910 0 0 0 0 0 0 
3.349881 4.962943 3.084073 -0.105159 -0.840744 0.531122 0.982389 0.062446 -0.176101 0 0 0 0 0 0 
3.586268 5.021492 3.161804 0.097730 -0.994835 -0.027432 0.999449 0.025614 0.021131 0 0 0 0 0 0 
3.828556 4.999031 3.235168 0.557046 -0.591422 -0.583027 0.982294 -0.030652 0.184823 0 0 0 0 0 0 
4.089449 4.960617 3.384568 0.023332 -0.251439 -0.967592 0.942034 -0.089229 0.323436 0 0 0 0 0 0 
4.389790 4.901324 3.563296 -0.681114 0.222027 -0.697702 0.919739 -0.132039 0.369656 0 0 0 0 0 0 
4.697144 4.830966 3.764977 -0.849402 0.378485 -0.367785 0.895384 -0.153768 0.417903 0 0 0 0 0 0 
5.052634 4.769100 4.003219 -0.853645 0.425231 0.300780 0.876252 -0.165097 0.452687 0 0 0 0 0 0 
5.395088 4.707096 4.207630 -0.725518 0.008247 0.688154 0.862576 -0.167615 0.477355 0 0 0 0 0 0 
5.714463 4.658177 4.393591 -0.929319 -0.134783 0.343803 0.846164 -0.196358 0.495429 0 0 0 0 0 0 
6.002754 4.600803 4.595523 -0.760913 -0.604609 -0.235498 0.825821 -0.208828 0.523843 0 0 0 0 0 0 
6.261863 4.526854 4.787064 -0.353285 -0.514098 -0.781597 0.822924 -0.205921 0.529522 0 0 0 0 0 0 
6.484258 4.446563 4.963153 -0.408148 -0.232597 -0.882787 0.819495 -0.217960 0.530020 0 0 0 0 0 0 
6.699908 4.347621 5.104833 -0.427613 0.293207 -0.855089 0.796183 -0.272846 0.540044 0 0 0 0 0 0 
6.838465 4.232913 5.242706 -0.882422 0.402304 -0.243892 0.710621 -0.375567 0.594951 0 0 0 0 0 0 
6.839848 4.088557 5.321279 0.010944 -0.154308 0.987962 -0.176404 -0.973159 0.147792 0 0 0 0 0 0 
6.697973 4.011741 5.337256 -0.622259 0.726913 0.290501 -0.947272 -0.241413 -0.210704 0 0 0 0 0 0 
6.531994 3.974916 5.336905 -0.454043 0.886392 -0.090298 -0.970430 0.000164 -0.241383 0 0 0 0 0 0 
6.342386 3.959325 5.360851 -0.255466 0.820506 -0.511378 -0.973000 0.088653 -0.213100 0 0 0 0 0 0 
6.122793 3.974751 5.393740 0.003592 0.756238 -0.654286 -0.971926 0.139020 -0.189822 0 0 0 0 0 0 
5.893534 4.023553 5.372274 0.204883 -0.075226 -0.975891 -0.953931 0.196524 -0.226703 0 0 0 0 0 0 
5.726262 4.068252 5.304054 0.281498 -0.804460 -0.523070 -0.970917 0.163257 -0.175123 0 0 0 0 0 0 
