t = 1000000000
b = 9 9 9
E = -0.834198892116547 -0.935162961483002 0.100964061915874
-102.893898010254 360.809600830078 267.271759033203 0.0674546808004379 -0.606450140476227 -0.792255043983459 0.0653733015060425 0.79504382610321 -0.603018879890442 -0.346893310546875 0.151972144842148 -0.41731271147728 -0.139376908540726 -0.00245562219060957 0.162970438599586
-102.60417175293 361.018096923828 266.898834228516 -0.73592072725296 -0.372805207967758 -0.565187573432922 0.0818687677383423 0.779636204242706 -0.620858311653137 0.297769844532013 0.173007443547249 0.481122106313705 0.0871825516223907 0.0303175076842308 0.108646504580975
-102.476028442383 361.201110839844 266.386199951172 -0.996637642383575 -0.0539674088358879 -0.0616515874862671 0.00626557506620884 0.700040638446808 -0.714075565338135 -0.31738069653511 -0.0183084886521101 0.0252519659698009 0.144617021083832 -0.169202119112015 -0.115150675177574
-102.581192016602 361.171569824219 265.985900878906 -0.619265675544739 0.689153671264648 0.376267582178116 0.0126148164272308 0.487881481647491 -0.8728187084198 0.0670002102851868 0.778334081172943 -0.164133504033089 0.0769297480583191 0.255795806646347 0.0497930645942688
-102.926261901855 361.249633789062 265.64013671875 0.112140037119389 0.940207183361053 0.321613341569901 -0.135685056447983 0.335111498832703 -0.93235719203949 0.361630976200104 0.271812677383423 0.0806836932897568 -0.331836670637131 0.103242136538029 -0.266150593757629
-103.254852294922 361.500915527344 265.421203613281 0.898695230484009 0.421938002109528 -0.119645662605762 -0.203655570745468 0.159877762198448 -0.965900301933289 0.128763645887375 0.224898055195808 -0.297434270381927 0.241385787725449 -0.174449250102043 0.169604018330574
-103.300804138184 361.795593261719 265.01171875 0.808377027511597 -0.578940391540527 -0.1065578982234 -0.182330548763275 -0.0741325989365578 -0.980438649654388 -0.156030029058456 0.480445504188538 -0.0881671234965324 0.100569255650043 0.414652705192566 0.601383805274963
-104.093460083008 361.110412597656 264.18798828125 -0.245066076517105 0.148480623960495 -0.95806896686554 0.386756777763367 -0.891194999217987 -0.237045764923096 -0.36288446187973 -0.241652593016624 -0.110037460923195 0.486419588327408 -0.32664543390274 -0.4359190762043
-104.143898010254 360.651702880859 264.036010742188 0.525240659713745 0.464792609214783 -0.712804436683655 0.486820787191391 -0.85116171836853 -0.196288883686066 0.329933196306229 -0.287563890218735 -0.166757687926292 0.407289773225784 0.203768834471703 0.315704196691513
-104.004829406738 360.197814941406 263.749938964844 0.861297965049744 0.457788914442062 -0.220442578196526 0.359276115894318 -0.85550445318222 -0.372870951890945 0.497311353683472 0.132696583867073 0.452265590429306 0.156963258981705 -0.0751210898160934 0.230725407600403
-103.810920715332 360.02197265625 263.388763427734 0.672898471355438 -0.0772981643676758 0.735685229301453 0.305116534233093 -0.876983046531677 -0.371220767498016 -0.329289615154266 0.537455320358276 0.0940053313970566 -0.36520591378212 -0.0651645883917809 0.394304662942886
-103.462181091309 359.758941650391 263.164276123047 0.0451724529266357 -0.244956612586975 0.968481123447418 0.396102726459503 -0.885612726211548 -0.242472052574158 0.0228197425603867 0.0323163345456123 -0.170906811952591 -0.120873972773552 0.13649021089077 0.339625120162964
-103.061904907227 359.491119384766 263.246124267578 -0.691863238811493 -0.441738545894623 0.571132302284241 0.279561460018158 -0.893202900886536 -0.352184325456619 -0.102439410984516 -0.462936073541641 0.272844523191452 -0.593945026397705 0.138728275895119 0.140265494585037
-102.879096984863 358.987579345703 263.214019775391 -0.997022032737732 -0.0303784608840942 0.0708813518285751 -0.0139987021684647 -0.832576155662537 -0.553733706474304 -0.190198421478271 -0.334931790828705 0.180638045072556 0.0158409718424082 -0.205998092889786 -0.155713319778442
-103.117332458496 358.534545898438 263.175750732422 -0.576246917247772 0.50165182352066 -0.645201563835144 -0.0339227914810181 -0.803454995155334 -0.594398379325867 0.618607580661774 -0.0370790883898735 -0.420181900262833 -0.250714212656021 -0.340269654989243 -0.0346196927130222
-103.208183288574 357.965637207031 262.69580078125 -0.761657536029816 0.543381094932556 -0.353008270263672 -0.0899789333343506 -0.62819641828537 -0.772834479808807 -0.0154943354427814 -0.0685551986098289 -0.368204385042191 0.141513600945473 -0.175440341234207 0.221952244639397
-103.476875305176 357.652526855469 262.46630859375 0.0891615897417068 0.751222670078278 -0.653999090194702 -0.0112237930297852 -0.65581476688385 -0.754838466644287 -0.00898000970482826 0.19305457174778 -0.370084345340729 -0.351756185293198 -0.0844249799847603 -0.130935981869698
-103.741333007812 357.477996826172 262.057250976562 0.631571471691132 0.567260980606079 -0.528519153594971 -0.0670966804027557 -0.639133751392365 -0.766163289546967 0.670009255409241 0.132133826613426 -0.832293212413788 -0.336020916700363 0.0128196030855179 -0.260540992021561
-103.878639221191 357.428619384766 261.511474609375 0.995827913284302 0.0908974856138229 -0.0080285994336009 0.0628092661499977 -0.746605038642883 -0.662295937538147 -0.379438161849976 0.0605705268681049 0.0880178883671761 0.217090278863907 -0.345613777637482 -0.383974373340607
-103.669586181641 357.165374755859 261.009368896484 0.614742815494537 -0.315150856971741 0.723029136657715 0.0693301260471344 -0.891563534736633 -0.44755756855011 -0.284377306699753 0.486447334289551 0.428438484668732 0.13189072906971 -0.221323147416115 0.0330273136496544
-104.089241027832 357.068908691406 259.974670410156 -0.635684370994568 0.76990270614624 -0.0561711192131042 0.745524406433105 0.593421101570129 -0.303388714790344 -0.338367164134979 0.30548033118248 0.0479988679289818 -0.397430151700974 -0.20192962884903 0.0278455168008804
-103.745101928711 356.072357177734 260.856964111328 -0.21731424331665 -0.653643190860748 -0.724931120872498 0.958583056926727 -0.282987326383591 -0.0321975909173489 0.298133760690689 -0.609614431858063 0.0412349067628384 0.0736818686127663 -0.15399993956089 -0.0840738564729691
-103.457038879395 355.713928222656 260.780578613281 0.0543778538703918 0.142918586730957 -0.988239467144012 0.903343498706818 -0.428741335868835 -0.0122978687286377 -0.147341087460518 -0.431797236204147 0.0379117652773857 0.343680053949356 -0.116701230406761 0.130188450217247
-103.104713439941 355.281829833984 261.880065917969 0.430810779333115 -0.838457226753235 -0.333753913640976 0.854777336120605 0.260519921779633 0.448870956897736 0.0192781817167997 0.199826672673225 -0.106194749474525 -0.347196400165558 -0.0343161299824715 0.195081561803818
-102.912254333496 356.680145263672 261.507446289062 -0.0085741588845849 0.359141856431961 -0.933243572711945 -0.0801990702748299 0.93002450466156 0.358639866113663 0.185370787978172 0.264867961406708 -0.0328053086996078 -0.237368002533913 0.429199248552322 -0.176013886928558
-102.667533874512 357.093292236328 261.530364990234 -0.703491151332855 0.29447129368782 -0.646828293800354 -0.148990288376808 0.828793883323669 0.539353847503662 -0.503348886966705 -0.0547498278319836 0.262072086334229 0.0370141379535198 -0.768912374973297 0.00261009531095624
-102.697250366211 357.601318359375 261.454864501953 -0.986160278320312 -0.161349013447762 -0.0381367094814777 -0.157802775502205 0.84289824962616 0.514412999153137 0.249664500355721 -0.0877086296677589 -0.642467021942139 0.160575449466705 0.394072353839874 0.239597663283348
-102.833198547363 358.106109619141 261.576477050781 -0.770710587501526 -0.558673143386841 0.306414037942886 -0.406509727239609 0.801419675350189 0.438721269369125 -0.0446269549429417 -0.238175645470619 0.165384247899055 -0.245057791471481 0.0118799656629562 -0.135043829679489
-103.204597473145 358.492309570312 261.627593994141 0.0229059755802155 -0.681834101676941 0.731148183345795 -0.303664028644562 0.692041873931885 0.654878854751587 -0.0016640922985971 0.0991958156228065 -0.286224693059921 0.0122686680406332 0.348883599042892 -0.121528543531895
-103.682441711426 358.728454589844 262.033813476562 0.321565479040146 -0.755398154258728 0.570937275886536 -0.0506339371204376 0.58838152885437 0.806996583938599 0.12664121389389 0.0117309577763081 0.0570619776844978 -0.348697990179062 -0.44944566488266 0.0454524047672749
