t = 10100000
b = 9 9 9
E = -0.761121034622192 -0.929327785968781 0.168206736445427
2.73263454437256 1.71059322357178 3.85406994819641 -0.0588882155716419 -0.299736082553864 -0.952202916145325 -0.953433394432068 0.299528002738953 -0.0353216230869293 -0.318340808153152 0.143696174025536 0.726046144962311 -0.330913960933685 -0.44968855381012 0.388731181621552
2.11870670318604 1.60836410522461 3.6080470085144 0.382669448852539 -0.374497264623642 -0.844580292701721 -0.907463192939758 0.0192368179559708 -0.419690847396851 0.223920494318008 0.335750699043274 0.29867023229599 -0.430702596902847 -0.349859267473221 0.498790442943573
1.82650089263916 1.80457973480225 3.2917685508728 0.154658511281013 -0.906282782554626 -0.393360197544098 -0.903570890426636 0.0312665738165379 -0.427296221256256 -0.427753955125809 -0.328144937753677 0.12347885966301 0.288738906383514 -0.867743730545044 -0.143390893936157
1.64068984985352 1.8492488861084 2.81879115104675 -0.447248935699463 -0.786853730678558 0.425240933895111 -0.792688369750977 0.128506198525429 -0.595929086208344 -0.0375815033912659 -0.0726107954978943 -0.322957783937454 -0.168300613760948 -0.266631335020065 -0.336774736642838
1.39016437530518 1.66301918029785 2.38490700721741 -0.605317294597626 -0.295336157083511 0.739166796207428 -0.736718118190765 -0.14374378323555 -0.660745203495026 0.293757408857346 -0.177258029580116 -0.32779923081398 0.201308414340019 0.22929522395134 0.0230930745601654
1.04721260070801 1.26458644866943 2.18749189376831 -0.5801682472229 0.563550889492035 0.58806049823761 -0.745848417282104 -0.0774724185466766 -0.661595106124878 -0.0457870848476887 -0.0717214941978455 0.127501994371414 -0.0650917142629623 -0.0510794892907143 -0.040408730506897
0.643213272094727 1.0630521774292 2.16318321228027 -0.156647607684135 0.975878775119781 -0.152059480547905 -0.659304678440094 -0.217956632375717 -0.719591557979584 0.0539745278656483 0.427513718605042 -0.262237578630447 0.0046456721611321 0.218829855322838 0.443558305501938
0.152636528015137 1.0249195098877 2.16910934448242 0.321269929409027 0.643009841442108 -0.695215046405792 -0.759352087974548 -0.263731718063354 -0.594836175441742 0.27424356341362 0.0323144011199474 -0.384434878826141 0.189739242196083 0.173975110054016 -0.0493947193026543
-0.228974342346191 1.17524814605713 2.08027911186218 0.627180933952332 -0.260908722877502 -0.733873784542084 -0.750895321369171 -0.452818632125854 -0.480740547180176 0.056280579417944 -0.165585413575172 0.679345786571503 -0.461945623159409 -0.240979537367821 0.201005548238754
-0.429882049560547 1.28868293762207 1.69913744926453 0.336578607559204 -0.935627222061157 -0.106378495693207 -0.905246198177338 -0.290383636951447 -0.310171842575073 0.116562493145466 -0.0152306472882628 0.189690336585045 0.473575800657272 -0.0788674429059029 -0.0361376665532589
-0.785562515258789 1.07004070281982 1.37076556682587 0.438029378652573 -0.752130925655365 0.492371290922165 -0.759438276290894 -0.602679193019867 -0.245013117790222 -0.466342329978943 -0.211151421070099 -0.279076933860779 0.018441416323185 -0.417670130729675 0.331861168146133
-0.870030403137207 0.643455505371094 1.16151285171509 -0.445907533168793 -0.410764068365097 0.795260608196259 -0.860978305339813 -0.0460688062012196 -0.506551206111908 -0.585227847099304 0.485784202814102 0.625315845012665 0.28505802154541 0.254539340734482 0.32470428943634
-1.17877817153931 0.334704399108887 0.9247767329216 -0.434539914131165 0.504916250705719 0.745811402797699 -0.873669505119324 -0.0351336039602757 -0.485249668359756 -0.391238063573837 -0.266270488500595 0.0168335251510143 -0.0896105915307999 -0.330747723579407 -0.619769990444183
-1.54631567001343 -0.430451393127441 0.0981112346053123 -0.262921988964081 -0.927813172340393 0.264640659093857 -0.180346235632896 0.316717714071274 0.931216955184937 -0.033769678324461 -0.278138369321823 -0.069823145866394 -0.114383421838284 -0.324392139911652 -0.200539514422417
-1.88033628463745 -0.321359634399414 0.403022527694702 0.470585465431213 -0.794324576854706 0.384184718132019 -0.248863592743874 0.298247009515762 0.921474754810333 0.203192383050919 -0.280121803283691 0.138434290885925 0.0423418171703815 -0.395821511745453 -0.738996088504791
-2.04615592956543 -0.375712394714355 0.925529658794403 0.893238961696625 -0.442335516214371 0.0803966522216797 -0.0882731229066849 0.00278863147832453 0.99609249830246 -0.287600457668304 -0.327587246894836 -0.119750536978245 -0.455038189888 -0.466563105583191 0.0663339421153069
-2.07977819442749 -0.602280616760254 1.29873418807983 0.860476195812225 0.50066751241684 0.0944081395864487 -0.0366769768297672 -0.123947456479073 0.991610765457153 -0.081572413444519 -0.0466209948062897 -0.208867058157921 0.274675160646439 0.436604410409927 0.592667281627655
-1.83405733108521 -0.78065299987793 1.71862554550171 0.265012323856354 0.961528539657593 0.0723283216357231 0.194057121872902 -0.126659795641899 0.972779095172882 0.141612038016319 0.253918439149857 -0.245632901787758 -0.284596174955368 -0.329514861106873 0.16292031109333
-1.42072916030884 -0.693760871887207 2.00280714035034 -0.315214604139328 0.925761044025421 0.208820998668671 0.57311075925827 0.0103074619546533 0.819413065910339 0.262672960758209 0.00916192214936018 -0.266766607761383 0.0155717069283128 0.00304025481455028 0.416948944330215
-0.998872756958008 -0.455769538879395 2.24765133857727 -0.855917274951935 0.32043793797493 0.405863523483276 0.419070482254028 -0.0300038196146488 0.907457828521729 -0.204646080732346 0.112544097006321 0.35618931055069 0.0498053058981895 -0.213796496391296 -0.0539736971259117
-1.72313261032104 -1.19963073730469 1.37646961212158 -0.931764900684357 0.215840712189674 -0.291936546564102 0.253372579813004 -0.189329504966736 -0.948660492897034 -0.0924524962902069 0.0730508342385292 0.47041255235672 -0.423720479011536 -0.374608486890793 0.634657084941864
-1.75297927856445 -1.46281480789185 0.916294693946838 -0.579234540462494 0.796691298484802 -0.172541454434395 0.0641108304262161 -0.166486367583275 -0.983957469463348 -0.118824742734432 0.275653839111328 -0.504030287265778 0.774878323078156 0.54632556438446 -0.220531731843948
-1.61545324325562 -2.09475135803223 -0.0546757057309151 -0.077868677675724 -0.0841763690114021 -0.993403673171997 0.547702491283417 -0.836207151412964 0.0279242433607578 0.120074644684792 -0.313182771205902 -0.449986129999161 0.152357742190361 -0.167532667517662 0.213763549923897
-1.49792242050171 -2.58248043060303 -0.232338294386864 0.412723898887634 0.582150936126709 -0.700542271137238 0.78824383020401 -0.613673567771912 -0.0455698482692242 0.615656018257141 -0.0169086363166571 -0.212911903858185 0.127274140715599 0.522403597831726 0.172860741615295
-1.28462553024292 -2.86896944046021 -0.539244174957275 0.670141935348511 0.735001087188721 0.103359580039978 0.742232799530029 -0.663713395595551 -0.0926010608673096 0.305559128522873 0.648883879184723 -0.0492642410099506 -0.0699841007590294 -0.212163358926773 0.182770475745201
-0.992293357849121 -2.98782587051392 -0.856523811817169 0.549155592918396 0.251109838485718 0.797102212905884 0.658517241477966 -0.71728777885437 -0.227712869644165 0.410669654607773 -0.598710477352142 0.28355398774147 0.207815498113632 -0.0667927339673042 0.0646138340234756
-0.574615478515625 -3.0646014213562 -0.994574904441833 -0.0223238691687584 -0.380748093128204 0.924409329891205 0.675592303276062 -0.687316656112671 -0.266778618097305 -0.674541652202606 0.134228974580765 -0.155631616711617 -0.126637622714043 -0.32734289765358 -0.0851433500647545
-0.100130081176758 -3.21871089935303 -1.10042881965637 -0.330747038125992 -0.634699523448944 0.698400318622589 0.852527499198914 -0.518329679965973 -0.0673148110508919 0.234127387404442 0.481312274932861 0.137548878788948 -0.521226704120636 0.0332507975399494 0.443650394678116
0.352829933166504 -3.4274640083313 -0.895106017589569 -0.676123201847076 -0.731815457344055 0.0854602232575417 0.688067615032196 -0.668630480766296 -0.281950742006302 -0.0306265316903591 0.168369755148888 0.0749802142381668 -0.238512083888054 0.474591583013535 -0.192344591021538
0.64189624786377 -3.81788873672485 -0.595734357833862 -0.523870527744293 -0.641179323196411 -0.560757279396057 0.756954967975616 -0.652319490909576 0.0387108959257603 0.465365409851074 -0.442639589309692 -0.359860807657242 0.553802371025085 -0.447851717472076 0.0860647857189178
